3071.7 1052.7 59.0
3838.0 -620.5 39.0
3068.1 1061.1 59.2
3527.3 1554.9 53.7
-85.2 364.0 102.4
4510.6 3527.4 51.3
4517.9 3564.8 51.3
-3244.7 -2101.0 132.6
-3259.0 -2113.7 132.4
3048.8 481.1 54.4
3025.7 293.3 51.1
1612.1 561.6 55.6
3320.5 3077.8 50.4
-5384.3 -1859.9 102.2
3008.5 1163.0 65.1
-5364.7 -1848.9 101.4
4095.1 -6805.1 37.4
4529.0 3689.6 50.0
4543.3 3680.0 50.3
4519.9 3651.3 50.3
4534.3 3642.6 50.6
-4437.3 -3850.2 135.1
3455.8 -8668.5 33.2
3451.1 -8654.3 34.3
3446.5 -8640.0 34.4
3441.8 -8625.8 34.6
3436.2 -8611.8 34.7
3430.1 -8598.1 33.4
3424.0 -8584.4 33.7
3417.3 -8571.0 33.9
3410.4 -8557.7 34.0
3403.5 -8544.4 34.1
3392.9 -8523.8 34.0
3153.9 -7080.0 35.0
3150.5 -7065.4 34.9
3147.1 -7050.8 34.8
3143.5 -7035.6 34.7
5748.6 -6052.7 130.0
5733.8 -6050.7 129.4
5718.9 -6048.7 128.8
5708.1 -6044.7 128.2
5717.8 -6035.9 128.5
5732.7 -6037.7 129.2
5749.4 -6039.6 129.9
4484.2 1341.9 39.6
4482.8 1356.8 39.5
4481.3 1371.7 39.4
4479.9 1386.6 39.7
4478.4 1401.6 40.0
4477.0 1416.5 40.3
4475.5 1431.4 40.7
4474.1 1446.4 41.0
4472.6 1461.3 40.8
4471.2 1476.2 40.6
4469.8 1491.2 40.5
4467.2 1517.8 40.2
4390.2 2286.2 44.2
4388.4 2306.9 45.3
4403.3 2125.4 43.8
4402.1 2140.4 43.5
4400.8 2155.3 43.1
4399.6 2170.2 42.7
4398.3 2185.2 42.3
4397.0 2200.1 42.2
4395.8 2215.1 42.4
4394.5 2230.0 42.6
4393.1 2247.0 42.8
4543.8 516.4 38.4
4542.7 531.4 38.1
4541.5 546.4 37.9
4540.4 561.3 37.8
4539.3 576.3 37.7
4538.1 591.2 37.9
4537.0 606.2 38.2
4535.9 621.1 38.4
4534.7 636.1 38.6
4533.6 651.1 38.8
4532.5 666.0 38.8
4531.3 681.0 38.9
4530.2 695.9 38.9
4529.1 710.9 39.0
4527.9 725.8 39.0
4526.8 740.8 38.9
4525.7 755.8 38.8
4524.5 770.7 38.7
4523.4 785.7 38.6
4522.3 800.6 38.5
4521.1 815.6 38.4
4520.0 830.5 38.3
4518.9 845.5 38.2
4517.7 860.5 38.1
4516.6 875.4 38.0
4515.5 890.4 38.1
4514.3 905.3 38.2
4513.2 920.3 38.2
4512.1 935.2 38.3
4511.0 950.2 38.4
4509.8 965.2 38.4
4508.7 980.1 38.5
4507.6 995.1 38.5
4506.4 1010.0 38.6
4505.3 1025.0 38.6
4504.2 1039.9 38.6
4503.0 1054.9 38.6
4501.1 1080.9 38.6
4371.9 2523.7 53.2
4370.5 2538.7 53.1
4369.1 2553.6 53.2
4367.7 2568.5 53.5
4366.3 2583.5 53.8
4364.9 2598.4 54.1
4363.5 2613.3 54.4
4362.1 2628.3 54.5
4360.7 2643.2 54.5
4359.3 2658.1 54.4
4357.9 2673.1 54.4
4356.5 2688.0 54.4
4355.1 2702.9 54.5
4353.7 2717.9 54.0
4352.4 2732.8 53.6
4349.6 2762.5 52.5
4447.6 3327.6 48.5
4450.7 3342.3 48.7
4453.8 3357.0 49.1
4456.9 3371.7 49.5
4460.0 3386.3 49.8
4463.1 3401.0 50.2
4468.8 3427.9 50.8
4464.6 1303.8 39.4
4463.4 1318.7 39.4
4462.2 1333.7 39.3
4461.0 1348.6 39.2
4459.7 1363.6 39.2
4458.5 1378.5 39.1
4457.3 1393.5 39.5
4456.0 1408.4 39.9
4454.8 1423.4 40.2
4453.6 1438.3 40.6
4452.3 1453.3 40.7
4450.2 1479.9 40.4
4393.4 3072.7 49.0
4396.5 3087.4 48.9
4402.2 3114.3 48.7
4422.9 3130.7 48.7
4428.9 3152.3 48.4
4430.7 2013.4 44.8
4429.4 2028.3 45.0
4428.1 2043.3 44.9
4426.7 2058.2 44.8
4425.4 2073.1 44.7
4423.4 2096.6 44.5
4517.6 625.5 38.3
4518.5 604.5 38.0
4548.9 207.7 40.5
4547.9 222.7 40.5
4546.8 237.7 40.5
4545.7 252.6 40.5
4544.7 267.6 40.4
4543.6 282.6 40.2
4542.5 297.5 40.0
4541.4 312.5 39.8
4540.4 327.4 39.5
4539.3 342.4 39.3
4538.2 357.4 39.2
4537.1 372.3 39.1
4536.1 387.3 39.1
4535.0 402.2 39.0
4533.0 429.8 38.9
4498.5 3557.9 51.1
4503.6 3579.9 50.9
4427.3 1792.4 40.8
4424.3 1832.3 41.1
4411.4 3076.0 49.0
4416.2 3098.4 48.9
4384.9 2344.3 47.8
4383.6 2359.2 49.0
4382.2 2374.2 50.2
4379.7 2402.7 52.3
4505.6 782.4 38.5
4506.7 767.4 38.6
4507.9 752.4 38.7
4509.0 737.5 38.8
4510.2 722.5 38.9
4512.1 697.9 38.9
4551.6 439.3 38.8
4552.4 424.3 38.9
4553.2 409.4 38.9
4554.0 394.4 38.9
4554.9 379.4 38.9
4555.7 364.4 39.0
4556.5 349.5 39.0
4557.3 334.5 39.3
4558.1 319.5 39.5
4559.0 304.5 39.7
4559.8 289.5 39.9
4560.6 274.6 40.0
4561.4 259.6 40.0
4562.3 244.6 40.0
4563.1 229.6 40.0
4563.9 214.7 40.0
4564.7 199.7 40.0
4565.5 184.7 39.9
4566.4 169.7 39.8
4567.2 154.7 39.6
4568.0 139.8 39.5
4568.8 124.8 39.4
4569.6 109.8 39.4
4570.5 94.8 39.4
4571.3 79.9 39.4
4572.1 64.9 39.4
4572.9 49.9 39.4
4573.7 34.9 39.4
4574.6 20.0 39.4
4575.4 5.0 39.3
4576.2 -10.0 39.3
4577.0 -25.0 39.3
4577.8 -40.0 39.3
4578.7 -55.7 39.3
4476.7 1175.5 38.9
4477.8 1160.5 38.8
4478.9 1145.6 38.7
4479.9 1130.6 38.6
4481.0 1115.7 38.5
4482.1 1100.7 38.4
4483.2 1085.7 38.4
4484.3 1070.8 38.4
4485.4 1055.8 38.4
4486.5 1040.9 38.4
4487.6 1025.9 38.4
4488.7 1010.9 38.4
4489.8 996.0 38.3
4490.9 981.0 38.3
4492.0 966.1 38.2
4493.1 951.1 38.2
4494.2 935.7 38.1
4446.2 1538.5 40.0
4445.1 1553.5 40.0
4444.1 1568.4 39.9
4443.0 1583.4 39.9
4441.9 1598.4 39.9
4440.8 1613.3 39.9
4439.8 1628.3 39.9
4438.7 1643.2 39.9
4437.6 1658.2 39.9
4436.5 1673.2 40.1
4435.4 1688.1 40.2
4434.4 1703.1 40.3
4433.3 1718.1 40.5
4432.2 1733.0 40.5
4430.5 1757.1 40.5
4366.8 2841.5 49.8
4366.8 2826.5 50.2
4366.8 2811.5 50.7
4367.0 2796.5 51.2
4368.0 2781.6 51.6
4369.1 2766.6 51.9
4370.1 2751.6 52.4
4371.2 2736.7 52.9
4372.2 2721.7 53.4
4373.2 2706.7 53.8
4374.3 2691.8 54.2
4375.3 2676.8 54.3
4376.4 2661.9 54.3
4377.4 2646.9 54.3
4378.5 2631.9 54.4
4379.5 2617.0 54.4
4380.5 2602.0 54.1
4381.6 2587.0 53.8
4382.6 2572.1 53.5
4384.6 2543.4 53.0
3665.6 5279.5 41.6
3693.0 5252.0 40.8
3646.8 5298.2 42.0
3654.2 5291.5 41.8
4754.7 4754.6 46.3
4740.0 4757.9 45.9
4725.4 4761.3 45.5
4710.8 4764.6 45.2
4696.2 4767.9 44.8
4681.5 4771.3 44.5
4666.9 4774.6 44.1
4668.6 4787.9 44.1
4672.3 4802.4 44.3
4676.0 4816.9 44.4
4679.7 4831.5 44.5
4683.5 4846.0 44.7
4687.2 4860.5 44.8
4690.9 4875.0 44.9
4694.6 4889.6 45.1
4698.3 4904.1 45.2
4702.1 4918.6 45.3
4705.8 4933.2 45.4
4709.5 4947.7 45.6
4713.2 4962.2 45.7
4716.9 4976.8 45.7
4720.7 4991.3 45.7
4724.4 5005.8 45.7
4728.1 5020.4 45.7
4731.8 5034.9 45.7
4735.5 5049.4 45.8
4739.3 5064.0 45.8
4743.0 5078.5 45.8
4746.7 5093.0 45.8
4750.4 5107.5 45.8
4754.1 5122.1 45.8
4757.9 5136.6 45.8
4766.4 5142.8 46.1
4780.9 5138.8 46.6
4795.3 5134.8 47.2
4809.8 5130.8 47.7
4832.4 5124.5 48.6
3713.2 5231.3 40.5
3723.7 5220.6 40.3
3734.3 5209.9 40.0
3744.8 5199.3 39.8
3762.6 5181.3 39.3
4625.5 -2395.7 37.9
4625.6 -2380.7 37.5
4625.7 -2365.7 37.5
4625.8 -2350.7 37.4
4625.9 -2335.7 37.4
4626.0 -2320.8 37.3
4626.2 -2293.6 37.5
-3885.7 -8297.0 118.6
-3867.1 -8297.6 118.2
-4550.6 -9066.5 -0.2
-4565.1 -9050.9 68.4
-3853.9 -8326.2 117.4
-3859.7 -8306.2 117.9
-3542.4 -8577.5 122.2
-3536.3 -8579.3 122.4
-3528.3 -8579.7 122.7
-3517.7 -8576.1 122.9
-3505.2 -8569.5 123.1
2485.6 -8650.7 49.3
2503.6 -8650.3 47.1
3097.6 -8435.6 39.0
3099.5 -8420.7 38.5
3101.3 -8405.8 38.9
3103.1 -8390.9 39.5
3105.0 -8376.0 40.3
3106.8 -8361.1 40.4
3109.3 -8341.1 40.5
2555.0 -8668.4 46.2
2555.2 -8661.0 46.2
2554.8 -8688.6 46.1
2555.1 -8679.1 46.1
2493.4 -8665.0 48.6
2510.8 -8665.0 47.1
3387.2 -4982.9 36.6
3386.6 -4997.9 36.3
3385.9 -5012.9 36.0
3385.3 -5027.9 35.8
3384.7 -5042.8 35.6
3384.0 -5057.8 35.6
3383.4 -5072.8 35.5
3382.8 -5087.8 35.8
3382.1 -5102.8 36.1
3381.5 -5117.8 36.3
3381.9 -5132.7 36.1
3385.1 -5147.3 36.1
3391.1 -5174.9 36.2
3380.8 -5173.2 36.0
3377.9 -5158.5 35.9
3375.0 -5143.8 35.9
3372.0 -5129.1 35.9
3372.3 -5114.1 36.0
3372.7 -5099.1 35.8
3373.1 -5084.1 35.5
3373.5 -5069.1 35.7
3373.8 -5054.1 35.7
3374.2 -5039.1 35.7
3374.6 -5024.1 36.0
3375.0 -5009.1 36.2
3375.3 -4994.1 36.5
3375.7 -4979.1 36.9
3376.1 -4964.1 37.2
3377.1 -4949.2 37.4
3378.6 -4934.2 37.5
3380.1 -4919.3 37.9
3381.6 -4904.4 38.2
3383.6 -4884.8 38.9
4702.3 -4352.2 52.6
4703.1 -4334.8 52.7
4714.0 -4352.3 53.4
4714.8 -4334.2 53.5
3020.7 380.0 53.7
3010.8 342.3 53.3
3040.3 292.5 50.3
3027.3 313.7 51.5
3022.2 332.2 52.4
3023.0 355.7 52.7
3028.3 371.0 52.6
-5403.8 -1926.5 99.7
-5396.2 -1900.5 101.0
-5395.5 -1929.1 99.0
-5387.6 -1902.7 99.9
-5345.1 -1939.8 98.2
-5339.6 -1928.6 97.6
-5335.2 -1916.9 97.4
-5378.4 -1932.3 98.3
-5350.1 -1939.8 98.2
-5338.4 -1914.6 97.5
-4062.3 -8346.8 125.6
-4047.3 -8346.3 125.2
-4032.3 -8345.9 124.8
-4005.1 -8345.1 124.1
2698.0 -8819.7 41.6
4690.5 -8923.0 40.9
4711.2 -8913.6 41.0
4752.4 -8877.6 41.6
4724.7 -8882.5 41.1
4708.0 -8877.7 41.5
4710.4 -8860.3 42.4
4696.3 -8850.1 43.1
4727.9 -8834.9 43.5
4688.8 -8833.8 43.9
4643.0 -8825.5 44.8
4705.3 -8803.7 46.0
4654.6 -8803.9 46.1
4649.1 -8803.8 46.2
4700.3 -8775.8 49.1
4842.6 -8759.6 48.3
4762.6 -8760.1 50.6
4675.2 -8766.9 49.8
4843.8 -8747.4 49.2
4806.3 -8748.0 50.6
4774.8 -8746.6 51.6
4762.1 -8746.5 52.0
4730.4 -8747.1 52.6
4721.7 -8747.8 52.7
4673.1 -8747.4 52.5
4855.3 -8736.9 49.7
4777.4 -8731.7 52.9
4765.5 -8729.9 53.4
4714.8 -8729.0 54.7
4688.3 -8732.1 54.4
-5620.5 -8439.5 62.4
-5636.6 -8436.5 62.8
-5644.3 -8441.0 62.7
-5650.1 -8426.3 63.4
-5667.2 -8426.9 63.4
-5674.3 -8426.9 63.5
-5621.2 -8409.1 63.7
3472.4 -791.1 49.4
3457.1 -792.9 48.9
3463.8 -762.0 49.9
3458.7 -747.9 50.2
-32.3 712.2 53.1
69.6 735.1 51.5
